1, 70, 20, 63, 18, 35, 78, 67, 64, 17, 36
1, 34, 74, 31, 77, 13, 47, 30
1, 92, 98, 90, 43, 86, 77, 23, 34, 48
4, 12, 66, 34, 19, 42
4, 46, 12, 95, 82, 66, 84
4, 12, 51, 99, 20, 45, 14
3, 83, 70, 67, 24, 54
2, 11, 41, 86, 64, 61
3, 74, 68, 82, 80, 91, 66, 62, 25, 14, 81
3, 36, 54, 94, 21, 15, 58, 59, 41, 38
4, 24, 97, 47, 17, 71, 64
3, 13, 87, 76, 44, 48, 67
4, 15, 99, 67, 69, 78, 48, 50, 96, 95, 23
3, 93, 70, 80, 97, 53, 32
1, 38, 68, 64, 69, 30, 59, 54, 28, 93, 27
1, 83, 29, 96, 82, 30, 23
1, 71, 88, 35, 96, 75, 55, 47, 43
1, 53, 84, 25, 31, 30, 22
2, 57, 30, 30, 36, 18, 20, 85, 68
1, 60, 18, 87, 24, 58, 62, 86, 78