Average of [70, 20, 63, 18, 35, 78, 67, 64, 17, 36]: 42.5455
Average of [34, 74, 31, 77, 13, 47, 30]: 38.25
Average of [92, 98, 90, 43, 86, 77, 23, 34, 48]: 59.1
Sort Array [12, 66, 34, 19, 42]: [12, 19, 34, 42, 66]
Sort Array [46, 12, 95, 82, 66, 84]: [12, 46, 66, 82, 84, 95]
Sort Array [12, 51, 99, 20, 45, 14]: [12, 14, 20, 45, 51, 99]
Min of [83, 70, 67, 24, 54]: 24
Max of [11, 41, 86, 64, 61]: 86
Min of [74, 68, 82, 80, 91, 66, 62, 25, 14, 81]: 14
Min of [36, 54, 94, 21, 15, 58, 59, 41, 38]: 15
Sort Array [24, 97, 47, 17, 71, 64]: [17, 24, 47, 64, 71, 97]
Min of [13, 87, 76, 44, 48, 67]: 13
Sort Array [15, 99, 67, 69, 78, 48, 50, 96, 95, 23]: [15, 23, 48, 50, 67, 69, 78, 95, 96, 99]
Min of [93, 70, 80, 97, 53, 32]: 32
Average of [38, 68, 64, 69, 30, 59, 54, 28, 93, 27]: 48.1818
Average of [83, 29, 96, 82, 30, 23]: 49
Average of [71, 88, 35, 96, 75, 55, 47, 43]: 56.6667
Average of [53, 84, 25, 31, 30, 22]: 35
Max of [57, 30, 30, 36, 18, 20, 85, 68]: 85
Average of [60, 18, 87, 24, 58, 62, 86, 78]: 52.5556
